             NaN
   2.6795264e+06
   2.1892231e+06
   1.9535869e+06
   1.8052799e+06
   1.6997655e+06
   1.6191775e+06
   1.5547026e+06
   1.5013999e+06
   1.4562448e+06
   1.4172632e+06
   1.3831015e+06
   1.3527943e+06
   1.3256317e+06
   1.3010772e+06
   1.2787166e+06
   1.2582240e+06
   1.2393386e+06
   1.2218491e+06
   1.2055818e+06
   1.1903924e+06
   1.1761599e+06
   1.1627819e+06
   1.1501710e+06
   1.1382522e+06
   1.1269605e+06
   1.1162393e+06
   1.1060392e+06
   1.0963166e+06
   1.0870329e+06
   1.0781541e+06
   1.0696496e+06
   1.0614921e+06
   1.0536571e+06
   1.0461224e+06
   1.0388682e+06
   1.0318763e+06
   1.0251301e+06
   1.0186146e+06
   1.0123162e+06
   1.0062221e+06
   1.0003208e+06
   9.9460170e+05
   9.8905492e+05
   9.8367137e+05
   9.7844266e+05
   9.7336099e+05
   9.6841911e+05
   9.6361027e+05
   9.5892819e+05
   9.5436700e+05
   9.4992123e+05
   9.4558574e+05
   9.4135571e+05
   9.3722664e+05
   9.3319429e+05
   9.2925466e+05
   9.2540400e+05
   9.2163878e+05
   9.1795563e+05
   9.1435143e+05
   9.1082316e+05
   9.0736802e+05
   9.0398333e+05
   9.0066654e+05
   8.9741526e+05
   8.9422719e+05
   8.9110017e+05
   8.8803212e+05
   8.8502107e+05
   8.8206516e+05
   8.7916260e+05
   8.7631168e+05
   8.7351077e+05
   8.7075832e+05
   8.6805284e+05
   8.6539292e+05
   8.6277718e+05
   8.6020434e+05
   8.5767314e+05
   8.5518239e+05
   8.5273094e+05
   8.5031769e+05
   8.4794157e+05
   8.4560159e+05
   8.4329676e+05
   8.4102614e+05
   8.3878883e+05
   8.3658396e+05
   8.3441070e+05
   8.3226824e+05
   8.3015580e+05
   8.2807264e+05
   8.2601803e+05
   8.2399128e+05
   8.2199171e+05
   8.2001868e+05
   8.1807156e+05
   8.1614975e+05
   8.1425265e+05
   8.1237970e+05
   8.1053035e+05
   8.0870408e+05
   8.0690037e+05
   8.0511873e+05
   8.0335866e+05
   8.0161972e+05
   7.9990144e+05
   7.9820338e+05
   7.9652513e+05
   7.9486627e+05
   7.9322640e+05
   7.9160513e+05
   7.9000209e+05
   7.8841691e+05
   7.8684924e+05
   7.8529873e+05
   7.8376504e+05
   7.8224785e+05
   7.8074684e+05
   7.7926171e+05
   7.7779215e+05
   7.7633787e+05
   7.7489860e+05
   7.7347404e+05
   7.7206394e+05
   7.7066803e+05
   7.6928605e+05
   7.6791776e+05
   7.6656291e+05
   7.6522128e+05
   7.6389262e+05
   7.6257672e+05
   7.6127335e+05
   7.5998230e+05
   7.5870336e+05
   7.5743634e+05
   7.5618102e+05
   7.5493723e+05
   7.5370476e+05
   7.5248343e+05
   7.5127307e+05
   7.5007350e+05
   7.4888454e+05
   7.4770603e+05
   7.4653780e+05
   7.4537969e+05
   7.4423155e+05
   7.4309322e+05
   7.4196455e+05
   7.4084540e+05
   7.3973562e+05
   7.3863506e+05
   7.3754360e+05
   7.3646110e+05
   7.3538743e+05
   7.3432245e+05
   7.3326604e+05
   7.3221808e+05
   7.3117845e+05
   7.3014703e+05
   7.2912369e+05
   7.2810834e+05
   7.2710085e+05
   7.2610112e+05
   7.2510904e+05
   7.2412451e+05
   7.2314741e+05
   7.2217766e+05
   7.2121515e+05
   7.2025979e+05
   7.1931148e+05
   7.1837012e+05
   7.1743563e+05
   7.1650791e+05
   7.1558689e+05
   7.1467246e+05
   7.1376455e+05
   7.1286307e+05
   7.1196795e+05
   7.1107909e+05
   7.1019643e+05
   7.0931988e+05
   7.0844937e+05
   7.0758482e+05
   7.0672616e+05
   7.0587333e+05
   7.0502624e+05
   7.0418482e+05
   7.0334902e+05
   7.0251876e+05
   7.0169398e+05
   7.0087460e+05
   7.0006058e+05
   6.9925184e+05
   6.9844833e+05
   6.9764997e+05
   6.9685672e+05
   6.9606852e+05
   6.9528530e+05
   6.9450702e+05
   6.9373361e+05
   6.9296501e+05
   6.9220119e+05
   6.9144208e+05
   6.9068762e+05
   6.8993778e+05
   6.8919250e+05
   6.8845172e+05
   6.8771540e+05
   6.8698350e+05
   6.8625596e+05
   6.8553273e+05
   6.8481378e+05
   6.8409905e+05
   6.8338851e+05
   6.8268210e+05
   6.8197979e+05
   6.8128152e+05
   6.8058727e+05
   6.7989698e+05
   6.7921062e+05
   6.7852815e+05
   6.7784952e+05
   6.7717471e+05
   6.7650366e+05
   6.7583635e+05
   6.7517272e+05
   6.7451276e+05
   6.7385642e+05
   6.7320366e+05
   6.7255446e+05
   6.7190877e+05
   6.7126656e+05
   6.7062780e+05
   6.6999246e+05
   6.6936049e+05
   6.6873188e+05
   6.6810658e+05
   6.6748457e+05
   6.6686582e+05
   6.6625028e+05
   6.6563794e+05
   6.6502877e+05
   6.6442273e+05
   6.6381980e+05
   6.6321994e+05
   6.6262313e+05
   6.6202934e+05
   6.6143855e+05
   6.6085072e+05
   6.6026583e+05
   6.5968386e+05
   6.5910477e+05
   6.5852854e+05
   6.5795514e+05
   6.5738456e+05
   6.5681677e+05
   6.5625173e+05
   6.5568943e+05
   6.5512984e+05
   6.5457295e+05
   6.5401872e+05
   6.5346713e+05
   6.5291816e+05
   6.5237180e+05
   6.5182800e+05
   6.5128677e+05
   6.5074806e+05
   6.5021186e+05
   6.4967816e+05
   6.4914692e+05
   6.4861814e+05
   6.4809178e+05
   6.4756783e+05
   6.4704627e+05
   6.4652707e+05
   6.4601023e+05
   6.4549572e+05
   6.4498351e+05
   6.4447360e+05
   6.4396597e+05
   6.4346059e+05
   6.4295745e+05
   6.4245652e+05
   6.4195780e+05
   6.4146127e+05
   6.4096690e+05
   6.4047468e+05
   6.3998460e+05
   6.3949663e+05
   6.3901077e+05
   6.3852698e+05
   6.3804527e+05
   6.3756561e+05
   6.3708798e+05
   6.3661238e+05
   6.3613878e+05
   6.3566717e+05
   6.3519754e+05
   6.3472986e+05
   6.3426414e+05
   6.3380034e+05
   6.3333846e+05
   6.3287848e+05
   6.3242039e+05
   6.3196417e+05
   6.3150981e+05
   6.3105730e+05
   6.3060663e+05
   6.3015777e+05
   6.2971072e+05
   6.2926546e+05
   6.2882198e+05
   6.2838027e+05
   6.2794032e+05
   6.2750210e+05
   6.2706562e+05
   6.2663085e+05
   6.2619779e+05
   6.2576642e+05
   6.2533674e+05
   6.2490872e+05
   6.2448236e+05
   6.2405765e+05
   6.2363457e+05
   6.2321311e+05
   6.2279327e+05
   6.2237503e+05
   6.2195837e+05
   6.2154330e+05
   6.2112980e+05
   6.2071785e+05
   6.2030745e+05
   6.1989858e+05
   6.1949125e+05
   6.1908542e+05
   6.1868111e+05
   6.1827829e+05
   6.1787695e+05
   6.1747709e+05
   6.1707870e+05
   6.1668176e+05
   6.1628627e+05
   6.1589222e+05
   6.1549959e+05
   6.1510838e+05
   6.1471858e+05
   6.1433018e+05
   6.1394318e+05
   6.1355755e+05
   6.1317330e+05
   6.1279041e+05
   6.1240887e+05
   6.1202869e+05
   6.1164984e+05
   6.1127232e+05
   6.1089612e+05
   6.1052124e+05
   6.1014766e+05
   6.0977537e+05
   6.0940438e+05
   6.0903466e+05
   6.0866622e+05
   6.0829904e+05
   6.0793312e+05
   6.0756845e+05
   6.0720502e+05
   6.0684282e+05
   6.0648184e+05
   6.0612209e+05
   6.0576355e+05
   6.0540621e+05
   6.0505006e+05
   6.0469511e+05
   6.0434134e+05
   6.0398874e+05
   6.0363731e+05
   6.0328704e+05
   6.0293793e+05
   6.0258996e+05
   6.0224313e+05
   6.0189744e+05
   6.0155287e+05
   6.0120942e+05
   6.0086709e+05
   6.0052586e+05
   6.0018574e+05
   5.9984671e+05
   5.9950876e+05
   5.9917190e+05
   5.9883611e+05
   5.9850139e+05
   5.9816774e+05
   5.9783514e+05
   5.9750359e+05
   5.9717309e+05
   5.9684363e+05
   5.9651519e+05
   5.9618779e+05
   5.9586141e+05
   5.9553604e+05
   5.9521168e+05
   5.9488833e+05
   5.9456598e+05
   5.9424461e+05
   5.9392424e+05
   5.9360485e+05
   5.9328643e+05
   5.9296899e+05
   5.9265251e+05
   5.9233699e+05
   5.9202243e+05
   5.9170881e+05
   5.9139614e+05
   5.9108442e+05
   5.9077362e+05
   5.9046376e+05
   5.9015482e+05
   5.8984680e+05
   5.8953969e+05
   5.8923349e+05
   5.8892820e+05
   5.8862381e+05
   5.8832031e+05
   5.8801771e+05
   5.8771599e+05
   5.8741515e+05
   5.8711518e+05
   5.8681609e+05
   5.8651787e+05
   5.8622051e+05
   5.8592400e+05
   5.8562835e+05
   5.8533355e+05
   5.8503960e+05
   5.8474648e+05
   5.8445420e+05
   5.8416275e+05
   5.8387213e+05
   5.8358233e+05
   5.8329336e+05
   5.8300519e+05
   5.8271784e+05
   5.8243129e+05
   5.8214555e+05
   5.8186060e+05
   5.8157645e+05
   5.8129309e+05
   5.8101052e+05
   5.8072873e+05
   5.8044771e+05
   5.8016747e+05
   5.7988801e+05
   5.7960931e+05
   5.7933137e+05
   5.7905419e+05
   5.7877777e+05
   5.7850209e+05
   5.7822717e+05
   5.7795299e+05
   5.7767956e+05
   5.7740686e+05
   5.7713489e+05
   5.7686365e+05
   5.7659314e+05
   5.7632336e+05
   5.7605429e+05
   5.7578594e+05
   5.7551830e+05
   5.7525137e+05
   5.7498515e+05
   5.7471962e+05
   5.7445480e+05
   5.7419068e+05
   5.7392724e+05
   5.7366450e+05
   5.7340244e+05
   5.7314106e+05
   5.7288037e+05
   5.7262035e+05
   5.7236100e+05
   5.7210232e+05
   5.7184431e+05
   5.7158696e+05
   5.7133028e+05
   5.7107425e+05
   5.7081887e+05
   5.7056415e+05
   5.7031007e+05
   5.7005665e+05
   5.6980386e+05
   5.6955171e+05
   5.6930020e+05
   5.6904933e+05
   5.6879908e+05
   5.6854946e+05
   5.6830047e+05
   5.6805210e+05
   5.6780435e+05
   5.6755721e+05
