             NaN
   8.6775160e-01
   1.1551256e+00
   1.3640964e+00
   1.5343180e+00
   1.6805224e+00
   1.8100565e+00
   1.9271924e+00
   2.0346652e+00
   2.1343469e+00
   2.2275831e+00
   2.3153781e+00
   2.3985045e+00
   2.4775707e+00
   2.5530662e+00
   2.6253911e+00
   2.6948774e+00
   2.7618041e+00
   2.8264082e+00
   2.8888929e+00
   2.9494340e+00
   3.0081850e+00
   3.0652803e+00
   3.1208388e+00
   3.1749662e+00
   3.2277566e+00
   3.2792947e+00
   3.3296567e+00
   3.3789116e+00
   3.4271220e+00
   3.4743449e+00
   3.5206325e+00
   3.5660326e+00
   3.6105892e+00
   3.6543429e+00
   3.6973311e+00
   3.7395885e+00
   3.7811473e+00
   3.8220375e+00
   3.8622871e+00
   3.9019221e+00
   3.9409669e+00
   3.9794445e+00
   4.0173761e+00
   4.0547822e+00
   4.0916815e+00
   4.1280921e+00
   4.1640308e+00
   4.1995135e+00
   4.2345555e+00
   4.2691709e+00
   4.3033734e+00
   4.3371759e+00
   4.3705905e+00
   4.4036290e+00
   4.4363023e+00
   4.4686212e+00
   4.5005955e+00
   4.5322351e+00
   4.5635490e+00
   4.5945461e+00
   4.6252347e+00
   4.6556230e+00
   4.6857185e+00
   4.7155288e+00
   4.7450609e+00
   4.7743216e+00
   4.8033175e+00
   4.8320549e+00
   4.8605399e+00
   4.8887782e+00
   4.9167755e+00
   4.9445371e+00
   4.9720684e+00
   4.9993743e+00
   5.0264597e+00
   5.0533293e+00
   5.0799876e+00
   5.1064389e+00
   5.1326876e+00
   5.1587376e+00
   5.1845930e+00
   5.2102576e+00
   5.2357350e+00
   5.2610290e+00
   5.2861429e+00
   5.3110801e+00
   5.3358440e+00
   5.3604377e+00
   5.3848642e+00
   5.4091267e+00
   5.4332279e+00
   5.4571707e+00
   5.4809579e+00
   5.5045921e+00
   5.5280759e+00
   5.5514119e+00
   5.5746024e+00
   5.5976500e+00
   5.6205569e+00
   5.6433253e+00
   5.6659576e+00
   5.6884558e+00
   5.7108221e+00
   5.7330584e+00
   5.7551668e+00
   5.7771493e+00
   5.7990076e+00
   5.8207438e+00
   5.8423595e+00
   5.8638565e+00
   5.8852367e+00
   5.9065015e+00
   5.9276527e+00
   5.9486920e+00
   5.9696208e+00
   5.9904406e+00
   6.0111531e+00
   6.0317596e+00
   6.0522616e+00
   6.0726605e+00
   6.0929576e+00
   6.1131544e+00
   6.1332520e+00
   6.1532519e+00
   6.1731552e+00
   6.1929632e+00
   6.2126771e+00
   6.2322981e+00
   6.2518273e+00
   6.2712659e+00
   6.2906150e+00
   6.3098757e+00
   6.3290490e+00
   6.3481360e+00
   6.3671378e+00
   6.3860553e+00
   6.4048895e+00
   6.4236414e+00
   6.4423119e+00
   6.4609020e+00
   6.4794126e+00
   6.4978447e+00
   6.5161990e+00
   6.5344764e+00
   6.5526779e+00
   6.5708042e+00
   6.5888561e+00
   6.6068345e+00
   6.6247402e+00
   6.6425739e+00
   6.6603365e+00
   6.6780285e+00
   6.6956509e+00
   6.7132044e+00
   6.7306895e+00
   6.7481071e+00
   6.7654579e+00
   6.7827424e+00
   6.7999615e+00
   6.8171156e+00
   6.8342056e+00
   6.8512320e+00
   6.8681955e+00
   6.8850966e+00
   6.9019360e+00
   6.9187143e+00
   6.9354321e+00
   6.9520899e+00
   6.9686883e+00
   6.9852279e+00
   7.0017092e+00
   7.0181328e+00
   7.0344992e+00
   7.0508089e+00
   7.0670625e+00
   7.0832605e+00
   7.0994033e+00
   7.1154915e+00
   7.1315256e+00
   7.1475060e+00
   7.1634332e+00
   7.1793077e+00
   7.1951300e+00
   7.2109005e+00
   7.2266196e+00
   7.2422878e+00
   7.2579056e+00
   7.2734733e+00
   7.2889915e+00
   7.3044604e+00
   7.3198806e+00
   7.3352524e+00
   7.3505763e+00
   7.3658526e+00
   7.3810817e+00
   7.3962640e+00
   7.4113999e+00
   7.4264898e+00
   7.4415340e+00
   7.4565330e+00
   7.4714870e+00
   7.4863964e+00
   7.5012617e+00
   7.5160830e+00
   7.5308608e+00
   7.5455954e+00
   7.5602872e+00
   7.5749365e+00
   7.5895435e+00
   7.6041087e+00
   7.6186323e+00
   7.6331147e+00
   7.6475562e+00
   7.6619570e+00
   7.6763175e+00
   7.6906380e+00
   7.7049188e+00
   7.7191601e+00
   7.7333623e+00
   7.7475256e+00
   7.7616504e+00
   7.7757369e+00
   7.7897853e+00
   7.8037960e+00
   7.8177692e+00
   7.8317052e+00
   7.8456043e+00
   7.8594667e+00
   7.8732926e+00
   7.8870824e+00
   7.9008362e+00
   7.9145543e+00
   7.9282371e+00
   7.9418846e+00
   7.9554972e+00
   7.9690750e+00
   7.9826184e+00
   7.9961276e+00
   8.0096027e+00
   8.0230441e+00
   8.0364519e+00
   8.0498263e+00
   8.0631676e+00
   8.0764761e+00
   8.0897518e+00
   8.1029951e+00
   8.1162061e+00
   8.1293851e+00
   8.1425322e+00
   8.1556476e+00
   8.1687317e+00
   8.1817845e+00
   8.1948062e+00
   8.2077971e+00
   8.2207574e+00
   8.2336872e+00
   8.2465867e+00
   8.2594561e+00
   8.2722957e+00
   8.2851055e+00
   8.2978859e+00
   8.3106368e+00
   8.3233586e+00
   8.3360514e+00
   8.3487154e+00
   8.3613508e+00
   8.3739577e+00
   8.3865363e+00
   8.3990867e+00
   8.4116092e+00
   8.4241039e+00
   8.4365710e+00
   8.4490106e+00
   8.4614229e+00
   8.4738080e+00
   8.4861661e+00
   8.4984974e+00
   8.5108021e+00
   8.5230802e+00
   8.5353319e+00
   8.5475574e+00
   8.5597568e+00
   8.5719303e+00
   8.5840780e+00
   8.5962001e+00
   8.6082966e+00
   8.6203679e+00
   8.6324139e+00
   8.6444348e+00
   8.6564308e+00
   8.6684020e+00
   8.6803486e+00
   8.6922707e+00
   8.7041683e+00
   8.7160417e+00
   8.7278910e+00
   8.7397162e+00
   8.7515177e+00
   8.7632953e+00
   8.7750494e+00
   8.7867800e+00
   8.7984872e+00
   8.8101712e+00
   8.8218320e+00
   8.8334699e+00
   8.8450849e+00
   8.8566772e+00
   8.8682468e+00
   8.8797939e+00
   8.8913186e+00
   8.9028210e+00
   8.9143013e+00
   8.9257595e+00
   8.9371957e+00
   8.9486101e+00
   8.9600028e+00
   8.9713739e+00
   8.9827235e+00
   8.9940517e+00
   9.0053586e+00
   9.0166443e+00
   9.0279089e+00
   9.0391526e+00
   9.0503754e+00
   9.0615775e+00
   9.0727588e+00
   9.0839197e+00
   9.0950600e+00
   9.1061800e+00
   9.1172798e+00
   9.1283593e+00
   9.1394189e+00
   9.1504584e+00
   9.1614781e+00
   9.1724780e+00
   9.1834582e+00
   9.1944188e+00
   9.2053599e+00
   9.2162816e+00
   9.2271840e+00
   9.2380672e+00
   9.2489312e+00
   9.2597762e+00
   9.2706023e+00
   9.2814095e+00
   9.2921979e+00
   9.3029676e+00
   9.3137187e+00
   9.3244513e+00
   9.3351654e+00
   9.3458612e+00
   9.3565388e+00
   9.3671981e+00
   9.3778394e+00
   9.3884626e+00
   9.3990679e+00
   9.4096553e+00
   9.4202249e+00
   9.4307769e+00
   9.4413112e+00
   9.4518280e+00
   9.4623273e+00
   9.4728092e+00
   9.4832739e+00
   9.4937212e+00
   9.5041515e+00
   9.5145646e+00
   9.5249607e+00
   9.5353399e+00
   9.5457023e+00
   9.5560478e+00
   9.5663766e+00
   9.5766888e+00
   9.5869844e+00
   9.5972635e+00
   9.6075261e+00
   9.6177724e+00
   9.6280025e+00
   9.6382162e+00
   9.6484139e+00
   9.6585954e+00
   9.6687609e+00
   9.6789105e+00
   9.6890441e+00
   9.6991620e+00
   9.7092641e+00
   9.7193505e+00
   9.7294213e+00
   9.7394765e+00
   9.7495162e+00
   9.7595405e+00
   9.7695494e+00
   9.7795430e+00
   9.7895214e+00
   9.7994845e+00
   9.8094326e+00
   9.8193656e+00
   9.8292836e+00
   9.8391866e+00
   9.8490748e+00
   9.8589481e+00
   9.8688067e+00
   9.8786506e+00
   9.8884799e+00
   9.8982945e+00
   9.9080946e+00
   9.9178803e+00
   9.9276515e+00
   9.9374084e+00
   9.9471510e+00
   9.9568793e+00
   9.9665934e+00
   9.9762934e+00
   9.9859793e+00
   9.9956512e+00
   1.0005309e+01
   1.0014953e+01
   1.0024583e+01
   1.0034200e+01
   1.0043802e+01
   1.0053391e+01
   1.0062966e+01
   1.0072528e+01
   1.0082076e+01
   1.0091610e+01
   1.0101131e+01
   1.0110639e+01
   1.0120133e+01
   1.0129614e+01
   1.0139082e+01
   1.0148537e+01
   1.0157978e+01
   1.0167407e+01
   1.0176822e+01
   1.0186224e+01
   1.0195613e+01
   1.0204990e+01
   1.0214353e+01
   1.0223704e+01
   1.0233042e+01
   1.0242367e+01
   1.0251680e+01
   1.0260980e+01
   1.0270267e+01
   1.0279542e+01
   1.0288804e+01
   1.0298054e+01
   1.0307291e+01
   1.0316516e+01
   1.0325729e+01
   1.0334929e+01
   1.0344118e+01
   1.0353294e+01
   1.0362457e+01
   1.0371609e+01
   1.0380749e+01
   1.0389877e+01
   1.0398992e+01
   1.0408096e+01
   1.0417188e+01
   1.0426268e+01
   1.0435336e+01
   1.0444393e+01
   1.0453438e+01
   1.0462471e+01
   1.0471492e+01
   1.0480502e+01
   1.0489500e+01
   1.0498487e+01
   1.0507462e+01
   1.0516426e+01
   1.0525378e+01
   1.0534319e+01
   1.0543249e+01
   1.0552167e+01
   1.0561074e+01
   1.0569970e+01
   1.0578855e+01
   1.0587728e+01
   1.0596591e+01
   1.0605442e+01
   1.0614282e+01
   1.0623112e+01
   1.0631930e+01
   1.0640737e+01
   1.0649534e+01
   1.0658320e+01
   1.0667095e+01
   1.0675859e+01
   1.0684612e+01
   1.0693355e+01
   1.0702087e+01
   1.0710808e+01
   1.0719519e+01
   1.0728219e+01
   1.0736908e+01
   1.0745588e+01
   1.0754256e+01
   1.0762914e+01
   1.0771562e+01
