             Inf
   5.6488099e-01
   5.6246393e-01
   5.6105001e-01
   5.6004679e-01
   5.5926860e-01
   5.5863275e-01
   5.5809511e-01
   5.5762935e-01
   5.5721849e-01
   5.5685093e-01
   5.5651841e-01
   5.5621480e-01
   5.5593548e-01
   5.5567683e-01
   5.5543601e-01
   5.5521070e-01
   5.5499902e-01
   5.5479942e-01
   5.5461057e-01
   5.5443138e-01
   5.5426090e-01
   5.5409833e-01
   5.5394294e-01
   5.5379414e-01
   5.5365138e-01
   5.5351419e-01
   5.5338214e-01
   5.5325486e-01
   5.5313202e-01
   5.5301331e-01
   5.5289846e-01
   5.5278722e-01
   5.5267937e-01
   5.5257471e-01
   5.5247305e-01
   5.5237422e-01
   5.5227806e-01
   5.5218444e-01
   5.5209321e-01
   5.5200426e-01
   5.5191747e-01
   5.5183274e-01
   5.5174998e-01
   5.5166908e-01
   5.5158996e-01
   5.5151255e-01
   5.5143677e-01
   5.5136256e-01
   5.5128984e-01
   5.5121855e-01
   5.5114865e-01
   5.5108006e-01
   5.5101275e-01
   5.5094667e-01
   5.5088176e-01
   5.5081799e-01
   5.5075531e-01
   5.5069369e-01
   5.5063309e-01
   5.5057347e-01
   5.5051480e-01
   5.5045706e-01
   5.5040020e-01
   5.5034420e-01
   5.5028904e-01
   5.5023469e-01
   5.5018112e-01
   5.5012830e-01
   5.5007623e-01
   5.5002487e-01
   5.4997420e-01
   5.4992421e-01
   5.4987487e-01
   5.4982617e-01
   5.4977809e-01
   5.4973061e-01
   5.4968372e-01
   5.4963739e-01
   5.4959162e-01
   5.4954639e-01
   5.4950169e-01
   5.4945751e-01
   5.4941382e-01
   5.4937062e-01
   5.4932790e-01
   5.4928564e-01
   5.4924383e-01
   5.4920247e-01
   5.4916154e-01
   5.4912103e-01
   5.4908093e-01
   5.4904123e-01
   5.4900193e-01
   5.4896302e-01
   5.4892448e-01
   5.4888630e-01
   5.4884849e-01
   5.4881103e-01
   5.4877391e-01
   5.4873713e-01
   5.4870068e-01
   5.4866455e-01
   5.4862874e-01
   5.4859324e-01
   5.4855804e-01
   5.4852314e-01
   5.4848853e-01
   5.4845421e-01
   5.4842016e-01
   5.4838639e-01
   5.4835289e-01
   5.4831965e-01
   5.4828667e-01
   5.4825395e-01
   5.4822147e-01
   5.4818924e-01
   5.4815724e-01
   5.4812548e-01
   5.4809395e-01
   5.4806265e-01
   5.4803157e-01
   5.4800071e-01
   5.4797006e-01
   5.4793963e-01
   5.4790940e-01
   5.4787937e-01
   5.4784954e-01
   5.4781991e-01
   5.4779047e-01
   5.4776122e-01
   5.4773216e-01
   5.4770327e-01
   5.4767457e-01
   5.4764604e-01
   5.4761769e-01
   5.4758951e-01
   5.4756149e-01
   5.4753364e-01
   5.4750596e-01
   5.4747843e-01
   5.4745105e-01
   5.4742384e-01
   5.4739677e-01
   5.4736985e-01
   5.4734308e-01
   5.4731645e-01
   5.4728997e-01
   5.4726362e-01
   5.4723742e-01
   5.4721134e-01
   5.4718540e-01
   5.4715959e-01
   5.4713391e-01
   5.4710836e-01
   5.4708293e-01
   5.4705762e-01
   5.4703244e-01
   5.4700737e-01
   5.4698242e-01
   5.4695759e-01
   5.4693287e-01
   5.4690826e-01
   5.4688376e-01
   5.4685937e-01
   5.4683508e-01
   5.4681090e-01
   5.4678682e-01
   5.4676285e-01
   5.4673897e-01
   5.4671519e-01
   5.4669151e-01
   5.4666792e-01
   5.4664443e-01
   5.4662103e-01
   5.4659772e-01
   5.4657450e-01
   5.4655137e-01
   5.4652833e-01
   5.4650537e-01
   5.4648249e-01
   5.4645970e-01
   5.4643699e-01
   5.4641436e-01
   5.4639180e-01
   5.4636933e-01
   5.4634693e-01
   5.4632461e-01
   5.4630236e-01
   5.4628018e-01
   5.4625807e-01
   5.4623604e-01
   5.4621407e-01
   5.4619218e-01
   5.4617035e-01
   5.4614858e-01
   5.4612688e-01
   5.4610525e-01
   5.4608367e-01
   5.4606216e-01
   5.4604071e-01
   5.4601932e-01
   5.4599799e-01
   5.4597672e-01
   5.4595550e-01
   5.4593434e-01
   5.4591323e-01
   5.4589217e-01
   5.4587117e-01
   5.4585023e-01
   5.4582933e-01
   5.4580848e-01
   5.4578768e-01
   5.4576693e-01
   5.4574623e-01
   5.4572557e-01
   5.4570496e-01
   5.4568439e-01
   5.4566387e-01
   5.4564339e-01
   5.4562295e-01
   5.4560256e-01
   5.4558220e-01
   5.4556189e-01
   5.4554161e-01
   5.4552137e-01
   5.4550117e-01
   5.4548100e-01
   5.4546087e-01
   5.4544078e-01
   5.4542072e-01
   5.4540069e-01
   5.4538069e-01
   5.4536073e-01
   5.4534080e-01
   5.4532090e-01
   5.4530102e-01
   5.4528118e-01
   5.4526136e-01
   5.4524158e-01
   5.4522181e-01
   5.4520208e-01
   5.4518237e-01
   5.4516268e-01
   5.4514302e-01
   5.4512338e-01
   5.4510376e-01
   5.4508416e-01
   5.4506458e-01
   5.4504503e-01
   5.4502549e-01
   5.4500597e-01
   5.4498647e-01
   5.4496699e-01
   5.4494752e-01
   5.4492807e-01
   5.4490864e-01
   5.4488921e-01
   5.4486981e-01
   5.4485041e-01
   5.4483103e-01
   5.4481166e-01
   5.4479230e-01
   5.4477295e-01
   5.4475361e-01
   5.4473428e-01
   5.4471496e-01
   5.4469564e-01
   5.4467633e-01
   5.4465703e-01
   5.4463773e-01
   5.4461844e-01
   5.4459915e-01
   5.4457987e-01
   5.4456058e-01
   5.4454130e-01
   5.4452203e-01
   5.4450275e-01
   5.4448347e-01
   5.4446419e-01
   5.4444491e-01
   5.4442563e-01
   5.4440634e-01
   5.4438705e-01
   5.4436776e-01
   5.4434846e-01
   5.4432916e-01
   5.4430984e-01
   5.4429053e-01
   5.4427120e-01
   5.4425187e-01
   5.4423252e-01
   5.4421317e-01
   5.4419380e-01
   5.4417443e-01
   5.4415504e-01
   5.4413564e-01
   5.4411622e-01
   5.4409679e-01
   5.4407735e-01
   5.4405789e-01
   5.4403841e-01
   5.4401891e-01
   5.4399940e-01
   5.4397987e-01
   5.4396031e-01
   5.4394074e-01
   5.4392115e-01
   5.4390153e-01
   5.4388189e-01
   5.4386222e-01
   5.4384253e-01
   5.4382282e-01
   5.4380307e-01
   5.4378330e-01
   5.4376351e-01
   5.4374368e-01
   5.4372382e-01
   5.4370393e-01
   5.4368402e-01
   5.4366406e-01
   5.4364408e-01
   5.4362406e-01
   5.4360400e-01
   5.4358391e-01
   5.4356378e-01
   5.4354361e-01
   5.4352340e-01
   5.4350315e-01
   5.4348286e-01
   5.4346253e-01
   5.4344216e-01
   5.4342174e-01
   5.4340127e-01
   5.4338076e-01
   5.4336020e-01
   5.4333959e-01
   5.4331894e-01
   5.4329823e-01
   5.4327746e-01
   5.4325665e-01
   5.4323578e-01
   5.4321486e-01
   5.4319387e-01
   5.4317283e-01
   5.4315173e-01
   5.4313057e-01
   5.4310935e-01
   5.4308807e-01
   5.4306672e-01
   5.4304530e-01
   5.4302382e-01
   5.4300226e-01
   5.4298064e-01
   5.4295895e-01
   5.4293718e-01
   5.4291534e-01
   5.4289342e-01
   5.4287142e-01
   5.4284935e-01
   5.4282719e-01
   5.4280495e-01
   5.4278262e-01
   5.4276022e-01
   5.4273772e-01
   5.4271513e-01
   5.4269245e-01
   5.4266968e-01
   5.4264681e-01
   5.4262385e-01
   5.4260078e-01
   5.4257762e-01
   5.4255435e-01
   5.4253098e-01
   5.4250750e-01
   5.4248391e-01
   5.4246021e-01
   5.4243639e-01
   5.4241246e-01
   5.4238841e-01
   5.4236423e-01
   5.4233994e-01
   5.4231551e-01
   5.4229096e-01
   5.4226628e-01
   5.4224146e-01
   5.4221650e-01
   5.4219141e-01
   5.4216617e-01
   5.4214078e-01
   5.4211525e-01
   5.4208956e-01
   5.4206372e-01
   5.4203772e-01
   5.4201155e-01
   5.4198522e-01
   5.4195872e-01
   5.4193204e-01
   5.4190519e-01
   5.4187815e-01
   5.4185093e-01
   5.4182352e-01
   5.4179591e-01
   5.4176811e-01
   5.4174010e-01
   5.4171189e-01
   5.4168346e-01
   5.4165481e-01
   5.4162594e-01
   5.4159684e-01
   5.4156751e-01
   5.4153793e-01
   5.4150811e-01
   5.4147804e-01
   5.4144771e-01
   5.4141712e-01
   5.4138625e-01
   5.4135510e-01
   5.4132367e-01
   5.4129194e-01
   5.4125991e-01
   5.4122758e-01
   5.4119492e-01
   5.4116194e-01
   5.4112862e-01
   5.4109496e-01
   5.4106094e-01
   5.4102656e-01
   5.4099180e-01
   5.4095665e-01
   5.4092110e-01
   5.4088515e-01
   5.4084877e-01
   5.4081195e-01
   5.4077469e-01
   5.4073696e-01
   5.4069875e-01
   5.4066004e-01
   5.4062083e-01
   5.4058109e-01
   5.4054080e-01
   5.4049994e-01
   5.4045850e-01
   5.4041645e-01
   5.4037377e-01
   5.4033045e-01
   5.4028644e-01
   5.4024173e-01
   5.4019630e-01
   5.4015010e-01
   5.4010311e-01
   5.4005531e-01
   5.4000664e-01
   5.3995708e-01
   5.3990659e-01
   5.3985513e-01
   5.3980264e-01
   5.3974909e-01
   5.3969442e-01
   5.3963858e-01
   5.3958151e-01
   5.3952315e-01
   5.3946342e-01
   5.3940226e-01
   5.3933958e-01
   5.3927530e-01
   5.3920933e-01
   5.3914156e-01
   5.3907188e-01
   5.3900018e-01
   5.3892630e-01
   5.3885012e-01
   5.3877146e-01
   5.3869014e-01
   5.3860596e-01
   5.3851870e-01
   5.3842810e-01
   5.3833388e-01
   5.3823572e-01
   5.3813324e-01
   5.3802602e-01
   5.3791358e-01
   5.3779535e-01
   5.3767066e-01
   5.3753874e-01
   5.3739864e-01
   5.3724923e-01
   5.3708913e-01
   5.3691663e-01
   5.3672956e-01
   5.3652514e-01
   5.3629970e-01
   5.3604829e-01
   5.3576394e-01
   5.3543646e-01
   5.3505005e-01
   5.3457825e-01
   5.3397143e-01
   5.3311819e-01
   5.3166307e-01
            -Inf
