   0.0000000e+00
   2.1543124e-02
   4.3086249e-02
   6.4629373e-02
   8.6172497e-02
   1.0771562e-01
   1.2925875e-01
   1.5080187e-01
   1.7234499e-01
   1.9388812e-01
   2.1543124e-01
   2.3697437e-01
   2.5851749e-01
   2.8006062e-01
   3.0160374e-01
   3.2314686e-01
   3.4468999e-01
   3.6623311e-01
   3.8777624e-01
   4.0931936e-01
   4.3086249e-01
   4.5240561e-01
   4.7394873e-01
   4.9549186e-01
   5.1703498e-01
   5.3857811e-01
   5.6012123e-01
   5.8166435e-01
   6.0320748e-01
   6.2475060e-01
   6.4629373e-01
   6.6783685e-01
   6.8937998e-01
   7.1092310e-01
   7.3246622e-01
   7.5400935e-01
   7.7555247e-01
   7.9709560e-01
   8.1863872e-01
   8.4018185e-01
   8.6172497e-01
   8.8326809e-01
   9.0481122e-01
   9.2635434e-01
   9.4789747e-01
   9.6944059e-01
   9.9098372e-01
   1.0125268e+00
   1.0340700e+00
   1.0556131e+00
   1.0771562e+00
   1.0986993e+00
   1.1202425e+00
   1.1417856e+00
   1.1633287e+00
   1.1848718e+00
   1.2064150e+00
   1.2279581e+00
   1.2495012e+00
   1.2710443e+00
   1.2925875e+00
   1.3141306e+00
   1.3356737e+00
   1.3572168e+00
   1.3787600e+00
   1.4003031e+00
   1.4218462e+00
   1.4433893e+00
   1.4649324e+00
   1.4864756e+00
   1.5080187e+00
   1.5295618e+00
   1.5511049e+00
   1.5726481e+00
   1.5941912e+00
   1.6157343e+00
   1.6372774e+00
   1.6588206e+00
   1.6803637e+00
   1.7019068e+00
   1.7234499e+00
   1.7449931e+00
   1.7665362e+00
   1.7880793e+00
   1.8096224e+00
   1.8311656e+00
   1.8527087e+00
   1.8742518e+00
   1.8957949e+00
   1.9173381e+00
   1.9388812e+00
   1.9604243e+00
   1.9819674e+00
   2.0035106e+00
   2.0250537e+00
   2.0465968e+00
   2.0681399e+00
   2.0896831e+00
   2.1112262e+00
   2.1327693e+00
   2.1543124e+00
   2.1758556e+00
   2.1973987e+00
   2.2189418e+00
   2.2404849e+00
   2.2620280e+00
   2.2835712e+00
   2.3051143e+00
   2.3266574e+00
   2.3482005e+00
   2.3697437e+00
   2.3912868e+00
   2.4128299e+00
   2.4343730e+00
   2.4559162e+00
   2.4774593e+00
   2.4990024e+00
   2.5205455e+00
   2.5420887e+00
   2.5636318e+00
   2.5851749e+00
   2.6067180e+00
   2.6282612e+00
   2.6498043e+00
   2.6713474e+00
   2.6928905e+00
   2.7144337e+00
   2.7359768e+00
   2.7575199e+00
   2.7790630e+00
   2.8006062e+00
   2.8221493e+00
   2.8436924e+00
   2.8652355e+00
   2.8867787e+00
   2.9083218e+00
   2.9298649e+00
   2.9514080e+00
   2.9729511e+00
   2.9944943e+00
   3.0160374e+00
   3.0375805e+00
   3.0591236e+00
   3.0806668e+00
   3.1022099e+00
   3.1237530e+00
   3.1452961e+00
   3.1668393e+00
   3.1883824e+00
   3.2099255e+00
   3.2314686e+00
   3.2530118e+00
   3.2745549e+00
   3.2960980e+00
   3.3176411e+00
   3.3391843e+00
   3.3607274e+00
   3.3822705e+00
   3.4038136e+00
   3.4253568e+00
   3.4468999e+00
   3.4684430e+00
   3.4899861e+00
   3.5115293e+00
   3.5330724e+00
   3.5546155e+00
   3.5761586e+00
   3.5977018e+00
   3.6192449e+00
   3.6407880e+00
   3.6623311e+00
   3.6838742e+00
   3.7054174e+00
   3.7269605e+00
   3.7485036e+00
   3.7700467e+00
   3.7915899e+00
   3.8131330e+00
   3.8346761e+00
   3.8562192e+00
   3.8777624e+00
   3.8993055e+00
   3.9208486e+00
   3.9423917e+00
   3.9639349e+00
   3.9854780e+00
   4.0070211e+00
   4.0285642e+00
   4.0501074e+00
   4.0716505e+00
   4.0931936e+00
   4.1147367e+00
   4.1362799e+00
   4.1578230e+00
   4.1793661e+00
   4.2009092e+00
   4.2224524e+00
   4.2439955e+00
   4.2655386e+00
   4.2870817e+00
   4.3086249e+00
   4.3301680e+00
   4.3517111e+00
   4.3732542e+00
   4.3947973e+00
   4.4163405e+00
   4.4378836e+00
   4.4594267e+00
   4.4809698e+00
   4.5025130e+00
   4.5240561e+00
   4.5455992e+00
   4.5671423e+00
   4.5886855e+00
   4.6102286e+00
   4.6317717e+00
   4.6533148e+00
   4.6748580e+00
   4.6964011e+00
   4.7179442e+00
   4.7394873e+00
   4.7610305e+00
   4.7825736e+00
   4.8041167e+00
   4.8256598e+00
   4.8472030e+00
   4.8687461e+00
   4.8902892e+00
   4.9118323e+00
   4.9333755e+00
   4.9549186e+00
   4.9764617e+00
   4.9980048e+00
   5.0195480e+00
   5.0410911e+00
   5.0626342e+00
   5.0841773e+00
   5.1057204e+00
   5.1272636e+00
   5.1488067e+00
   5.1703498e+00
   5.1918929e+00
   5.2134361e+00
   5.2349792e+00
   5.2565223e+00
   5.2780654e+00
   5.2996086e+00
   5.3211517e+00
   5.3426948e+00
   5.3642379e+00
   5.3857811e+00
   5.4073242e+00
   5.4288673e+00
   5.4504104e+00
   5.4719536e+00
   5.4934967e+00
   5.5150398e+00
   5.5365829e+00
   5.5581261e+00
   5.5796692e+00
   5.6012123e+00
   5.6227554e+00
   5.6442986e+00
   5.6658417e+00
   5.6873848e+00
   5.7089279e+00
   5.7304711e+00
   5.7520142e+00
   5.7735573e+00
   5.7951004e+00
   5.8166435e+00
   5.8381867e+00
   5.8597298e+00
   5.8812729e+00
   5.9028160e+00
   5.9243592e+00
   5.9459023e+00
   5.9674454e+00
   5.9889885e+00
   6.0105317e+00
   6.0320748e+00
   6.0536179e+00
   6.0751610e+00
   6.0967042e+00
   6.1182473e+00
   6.1397904e+00
   6.1613335e+00
   6.1828767e+00
   6.2044198e+00
   6.2259629e+00
   6.2475060e+00
   6.2690492e+00
   6.2905923e+00
   6.3121354e+00
   6.3336785e+00
   6.3552217e+00
   6.3767648e+00
   6.3983079e+00
   6.4198510e+00
   6.4413942e+00
   6.4629373e+00
   6.4844804e+00
   6.5060235e+00
   6.5275667e+00
   6.5491098e+00
   6.5706529e+00
   6.5921960e+00
   6.6137391e+00
   6.6352823e+00
   6.6568254e+00
   6.6783685e+00
   6.6999116e+00
   6.7214548e+00
   6.7429979e+00
   6.7645410e+00
   6.7860841e+00
   6.8076273e+00
   6.8291704e+00
   6.8507135e+00
   6.8722566e+00
   6.8937998e+00
   6.9153429e+00
   6.9368860e+00
   6.9584291e+00
   6.9799723e+00
   7.0015154e+00
   7.0230585e+00
   7.0446016e+00
   7.0661448e+00
   7.0876879e+00
   7.1092310e+00
   7.1307741e+00
   7.1523173e+00
   7.1738604e+00
   7.1954035e+00
   7.2169466e+00
   7.2384898e+00
   7.2600329e+00
   7.2815760e+00
   7.3031191e+00
   7.3246622e+00
   7.3462054e+00
   7.3677485e+00
   7.3892916e+00
   7.4108347e+00
   7.4323779e+00
   7.4539210e+00
   7.4754641e+00
   7.4970072e+00
   7.5185504e+00
   7.5400935e+00
   7.5616366e+00
   7.5831797e+00
   7.6047229e+00
   7.6262660e+00
   7.6478091e+00
   7.6693522e+00
   7.6908954e+00
   7.7124385e+00
   7.7339816e+00
   7.7555247e+00
   7.7770679e+00
   7.7986110e+00
   7.8201541e+00
   7.8416972e+00
   7.8632404e+00
   7.8847835e+00
   7.9063266e+00
   7.9278697e+00
   7.9494129e+00
   7.9709560e+00
   7.9924991e+00
   8.0140422e+00
   8.0355853e+00
   8.0571285e+00
   8.0786716e+00
   8.1002147e+00
   8.1217578e+00
   8.1433010e+00
   8.1648441e+00
   8.1863872e+00
   8.2079303e+00
   8.2294735e+00
   8.2510166e+00
   8.2725597e+00
   8.2941028e+00
   8.3156460e+00
   8.3371891e+00
   8.3587322e+00
   8.3802753e+00
   8.4018185e+00
   8.4233616e+00
   8.4449047e+00
   8.4664478e+00
   8.4879910e+00
   8.5095341e+00
   8.5310772e+00
   8.5526203e+00
   8.5741635e+00
   8.5957066e+00
   8.6172497e+00
   8.6387928e+00
   8.6603360e+00
   8.6818791e+00
   8.7034222e+00
   8.7249653e+00
   8.7465084e+00
   8.7680516e+00
   8.7895947e+00
   8.8111378e+00
   8.8326809e+00
   8.8542241e+00
   8.8757672e+00
   8.8973103e+00
   8.9188534e+00
   8.9403966e+00
   8.9619397e+00
   8.9834828e+00
   9.0050259e+00
   9.0265691e+00
   9.0481122e+00
   9.0696553e+00
   9.0911984e+00
   9.1127416e+00
   9.1342847e+00
   9.1558278e+00
   9.1773709e+00
   9.1989141e+00
   9.2204572e+00
   9.2420003e+00
   9.2635434e+00
   9.2850866e+00
   9.3066297e+00
   9.3281728e+00
   9.3497159e+00
   9.3712591e+00
   9.3928022e+00
   9.4143453e+00
   9.4358884e+00
   9.4574315e+00
   9.4789747e+00
   9.5005178e+00
   9.5220609e+00
   9.5436040e+00
   9.5651472e+00
   9.5866903e+00
   9.6082334e+00
   9.6297765e+00
   9.6513197e+00
   9.6728628e+00
   9.6944059e+00
   9.7159490e+00
   9.7374922e+00
   9.7590353e+00
   9.7805784e+00
   9.8021215e+00
   9.8236647e+00
   9.8452078e+00
   9.8667509e+00
   9.8882940e+00
   9.9098372e+00
   9.9313803e+00
   9.9529234e+00
   9.9744665e+00
   9.9960097e+00
   1.0017553e+01
   1.0039096e+01
   1.0060639e+01
   1.0082182e+01
   1.0103725e+01
   1.0125268e+01
   1.0146812e+01
   1.0168355e+01
   1.0189898e+01
   1.0211441e+01
   1.0232984e+01
   1.0254527e+01
   1.0276070e+01
   1.0297613e+01
   1.0319157e+01
   1.0340700e+01
   1.0362243e+01
   1.0383786e+01
   1.0405329e+01
   1.0426872e+01
   1.0448415e+01
   1.0469958e+01
   1.0491502e+01
   1.0513045e+01
   1.0534588e+01
   1.0556131e+01
   1.0577674e+01
   1.0599217e+01
   1.0620760e+01
   1.0642303e+01
   1.0663847e+01
   1.0685390e+01
   1.0706933e+01
   1.0728476e+01
   1.0750019e+01
   1.0771562e+01
