   8.2747204e-01
   8.2744280e-01
   8.2741244e-01
   8.2738009e-01
   8.2734533e-01
   8.2730795e-01
   8.2726778e-01
   8.2722473e-01
   8.2717874e-01
   8.2712976e-01
   8.2707773e-01
   8.2702265e-01
   8.2696447e-01
   8.2690318e-01
   8.2683877e-01
   8.2677122e-01
   8.2670051e-01
   8.2662664e-01
   8.2654959e-01
   8.2646937e-01
   8.2638595e-01
   8.2629934e-01
   8.2620953e-01
   8.2611652e-01
   8.2602029e-01
   8.2592085e-01
   8.2581818e-01
   8.2571229e-01
   8.2560318e-01
   8.2549083e-01
   8.2537524e-01
   8.2525642e-01
   8.2513435e-01
   8.2500904e-01
   8.2488049e-01
   8.2474868e-01
   8.2461361e-01
   8.2447529e-01
   8.2433371e-01
   8.2418887e-01
   8.2404076e-01
   8.2388939e-01
   8.2373474e-01
   8.2357683e-01
   8.2341563e-01
   8.2325116e-01
   8.2308341e-01
   8.2291238e-01
   8.2273806e-01
   8.2256045e-01
   8.2237955e-01
   8.2219536e-01
   8.2200787e-01
   8.2181708e-01
   8.2162299e-01
   8.2142560e-01
   8.2122490e-01
   8.2102089e-01
   8.2081357e-01
   8.2060294e-01
   8.2038898e-01
   8.2017171e-01
   8.1995111e-01
   8.1972719e-01
   8.1949994e-01
   8.1926935e-01
   8.1903543e-01
   8.1879817e-01
   8.1855758e-01
   8.1831363e-01
   8.1806634e-01
   8.1781570e-01
   8.1756171e-01
   8.1730436e-01
   8.1704365e-01
   8.1677957e-01
   8.1651213e-01
   8.1624133e-01
   8.1596714e-01
   8.1568958e-01
   8.1540864e-01
   8.1512432e-01
   8.1483661e-01
   8.1454551e-01
   8.1425101e-01
   8.1395312e-01
   8.1365182e-01
   8.1334712e-01
   8.1303901e-01
   8.1272749e-01
   8.1241255e-01
   8.1209419e-01
   8.1177240e-01
   8.1144718e-01
   8.1111854e-01
   8.1078645e-01
   8.1045092e-01
   8.1011195e-01
   8.0976952e-01
   8.0942365e-01
   8.0907431e-01
   8.0872151e-01
   8.0836524e-01
   8.0800551e-01
   8.0764229e-01
   8.0727559e-01
   8.0690541e-01
   8.0653174e-01
   8.0615457e-01
   8.0577390e-01
   8.0538973e-01
   8.0500204e-01
   8.0461084e-01
   8.0421612e-01
   8.0381788e-01
   8.0341610e-01
   8.0301079e-01
   8.0260194e-01
   8.0218955e-01
   8.0177360e-01
   8.0135409e-01
   8.0093103e-01
   8.0050439e-01
   8.0007418e-01
   7.9964039e-01
   7.9920302e-01
   7.9876206e-01
   7.9831750e-01
   7.9786933e-01
   7.9741756e-01
   7.9696218e-01
   7.9650317e-01
   7.9604054e-01
   7.9557427e-01
   7.9510437e-01
   7.9463082e-01
   7.9415362e-01
   7.9367276e-01
   7.9318824e-01
   7.9270004e-01
   7.9220817e-01
   7.9171261e-01
   7.9121336e-01
   7.9071041e-01
   7.9020375e-01
   7.8969339e-01
   7.8917930e-01
   7.8866149e-01
   7.8813994e-01
   7.8761465e-01
   7.8708562e-01
   7.8655283e-01
   7.8601627e-01
   7.8547595e-01
   7.8493184e-01
   7.8438395e-01
   7.8383226e-01
   7.8327678e-01
   7.8271748e-01
   7.8215436e-01
   7.8158742e-01
   7.8101665e-01
   7.8044203e-01
   7.7986356e-01
   7.7928123e-01
   7.7869503e-01
   7.7810496e-01
   7.7751100e-01
   7.7691315e-01
   7.7631140e-01
   7.7570573e-01
   7.7509614e-01
   7.7448262e-01
   7.7386517e-01
   7.7324376e-01
   7.7261840e-01
   7.7198907e-01
   7.7135576e-01
   7.7071847e-01
   7.7007718e-01
   7.6943189e-01
   7.6878258e-01
   7.6812924e-01
   7.6747187e-01
   7.6681045e-01
   7.6614497e-01
   7.6547543e-01
   7.6480181e-01
   7.6412410e-01
   7.6344229e-01
   7.6275637e-01
   7.6206634e-01
   7.6137217e-01
   7.6067385e-01
   7.5997139e-01
   7.5926475e-01
   7.5855394e-01
   7.5783894e-01
   7.5711975e-01
   7.5639633e-01
   7.5566870e-01
   7.5493683e-01
   7.5420071e-01
   7.5346033e-01
   7.5271567e-01
   7.5196674e-01
   7.5121350e-01
   7.5045595e-01
   7.4969408e-01
   7.4892787e-01
   7.4815731e-01
   7.4738239e-01
   7.4660309e-01
   7.4581940e-01
   7.4503130e-01
   7.4423879e-01
   7.4344185e-01
   7.4264046e-01
   7.4183461e-01
   7.4102428e-01
   7.4020947e-01
   7.3939015e-01
   7.3856632e-01
   7.3773795e-01
   7.3690503e-01
   7.3606755e-01
   7.3522548e-01
   7.3437883e-01
   7.3352756e-01
   7.3267167e-01
   7.3181113e-01
   7.3094593e-01
   7.3007606e-01
   7.2920150e-01
   7.2832223e-01
   7.2743823e-01
   7.2654949e-01
   7.2565599e-01
   7.2475772e-01
   7.2385464e-01
   7.2294676e-01
   7.2203405e-01
   7.2111648e-01
   7.2019405e-01
   7.1926673e-01
   7.1833451e-01
   7.1739737e-01
   7.1645528e-01
   7.1550823e-01
   7.1455620e-01
   7.1359917e-01
   7.1263712e-01
   7.1167003e-01
   7.1069787e-01
   7.0972063e-01
   7.0873829e-01
   7.0775083e-01
   7.0675822e-01
   7.0576044e-01
   7.0475747e-01
   7.0374930e-01
   7.0273589e-01
   7.0171722e-01
   7.0069327e-01
   6.9966403e-01
   6.9862946e-01
   6.9758954e-01
   6.9654425e-01
   6.9549356e-01
   6.9443746e-01
   6.9337591e-01
   6.9230888e-01
   6.9123637e-01
   6.9015833e-01
   6.8907475e-01
   6.8798560e-01
   6.8689085e-01
   6.8579047e-01
   6.8468444e-01
   6.8357273e-01
   6.8245532e-01
   6.8133217e-01
   6.8020326e-01
   6.7906856e-01
   6.7792803e-01
   6.7678166e-01
   6.7562941e-01
   6.7447125e-01
   6.7330715e-01
   6.7213708e-01
   6.7096101e-01
   6.6977891e-01
   6.6859074e-01
   6.6739648e-01
   6.6619609e-01
   6.6498954e-01
   6.6377679e-01
   6.6255781e-01
   6.6133257e-01
   6.6010103e-01
   6.5886315e-01
   6.5761891e-01
   6.5636827e-01
   6.5511118e-01
   6.5384761e-01
   6.5257753e-01
   6.5130089e-01
   6.5001767e-01
   6.4872781e-01
   6.4743128e-01
   6.4612804e-01
   6.4481805e-01
   6.4350127e-01
   6.4217765e-01
   6.4084716e-01
   6.3950975e-01
   6.3816538e-01
   6.3681400e-01
   6.3545558e-01
   6.3409006e-01
   6.3271739e-01
   6.3133754e-01
   6.2995046e-01
   6.2855609e-01
   6.2715440e-01
   6.2574532e-01
   6.2432881e-01
   6.2290483e-01
   6.2147331e-01
   6.2003421e-01
   6.1858748e-01
   6.1713306e-01
   6.1567089e-01
   6.1420092e-01
   6.1272310e-01
   6.1123737e-01
   6.0974367e-01
   6.0824194e-01
   6.0673213e-01
   6.0521416e-01
   6.0368799e-01
   6.0215355e-01
   6.0061078e-01
   5.9905960e-01
   5.9749997e-01
   5.9593180e-01
   5.9435504e-01
   5.9276961e-01
   5.9117544e-01
   5.8957247e-01
   5.8796063e-01
   5.8633983e-01
   5.8471001e-01
   5.8307108e-01
   5.8142298e-01
   5.7976563e-01
   5.7809894e-01
   5.7642283e-01
   5.7473723e-01
   5.7304205e-01
   5.7133720e-01
   5.6962259e-01
   5.6789815e-01
   5.6616377e-01
   5.6441937e-01
   5.6266486e-01
   5.6090013e-01
   5.5912510e-01
   5.5733966e-01
   5.5554372e-01
   5.5373717e-01
   5.5191991e-01
   5.5009183e-01
   5.4825283e-01
   5.4640278e-01
   5.4454159e-01
   5.4266914e-01
   5.4078531e-01
   5.3888998e-01
   5.3698302e-01
   5.3506433e-01
   5.3313376e-01
   5.3119119e-01
   5.2923648e-01
   5.2726951e-01
   5.2529013e-01
   5.2329820e-01
   5.2129359e-01
   5.1927613e-01
   5.1724569e-01
   5.1520211e-01
   5.1314522e-01
   5.1107488e-01
   5.0899092e-01
   5.0689316e-01
   5.0478144e-01
   5.0265558e-01
   5.0051540e-01
   4.9836072e-01
   4.9619134e-01
   4.9400707e-01
   4.9180772e-01
   4.8959308e-01
   4.8736294e-01
   4.8511709e-01
   4.8285531e-01
   4.8057737e-01
   4.7828304e-01
   4.7597208e-01
   4.7364426e-01
   4.7129932e-01
   4.6893700e-01
   4.6655704e-01
   4.6415916e-01
   4.6174309e-01
   4.5930855e-01
   4.5685522e-01
   4.5438282e-01
   4.5189102e-01
   4.4937950e-01
   4.4684792e-01
   4.4429596e-01
   4.4172324e-01
   4.3912941e-01
   4.3651408e-01
   4.3387687e-01
   4.3121737e-01
   4.2853518e-01
   4.2582985e-01
   4.2310094e-01
   4.2034799e-01
   4.1757053e-01
   4.1476806e-01
   4.1194007e-01
   4.0908602e-01
   4.0620537e-01
   4.0329754e-01
   4.0036194e-01
   3.9739796e-01
   3.9440493e-01
   3.9138221e-01
   3.8832909e-01
   3.8524485e-01
   3.8212872e-01
   3.7897992e-01
   3.7579762e-01
   3.7258097e-01
   3.6932905e-01
   3.6604093e-01
   3.6271560e-01
   3.5935204e-01
   3.5594916e-01
   3.5250580e-01
   3.4902077e-01
   3.4549278e-01
   3.4192052e-01
   3.3830256e-01
   3.3463741e-01
   3.3092349e-01
   3.2715913e-01
   3.2334256e-01
   3.1947189e-01
   3.1554511e-01
   3.1156009e-01
   3.0751454e-01
   3.0340603e-01
   2.9923193e-01
   2.9498945e-01
   2.9067555e-01
   2.8628698e-01
   2.8182022e-01
   2.7727145e-01
   2.7263653e-01
   2.6791094e-01
   2.6308975e-01
   2.5816753e-01
   2.5313834e-01
   2.4799559e-01
   2.4273196e-01
   2.3733934e-01
   2.3180858e-01
   2.2612944e-01
   2.2029026e-01
   2.1427780e-01
   2.0807679e-01
   2.0166959e-01
   1.9503554e-01
   1.8815026e-01
   1.8098455e-01
   1.7350303e-01
   1.6566209e-01
   1.5740688e-01
   1.4866687e-01
   1.3934867e-01
   1.2932407e-01
   1.1840860e-01
   1.0631925e-01
   9.2579888e-02
   7.6262608e-02
   5.4973144e-02
             NaN
